70.54625991666103;-38.113406708140985
-0.2536467001777396;4.563116208528967
-55.76838343615742;-61.986777208255894
-45.89553480350881;4.957446914943603
-23.772384146720867;82.26902622614878
-11.539669156119729;-23.08150136621461
-4.397907944440831;30.94903165389681
-17.480617550852614;33.3086711440061
-28.355651061870972;59.74329174479408
58.58250225097797;-31.013850255647498
-84.27266943436385;51.92109681013213
-56.35557300663194;65.51703489280195
-43.382207565043565;-39.11403810613947
-1.8418631398066765;93.29966710202473
-10.949592177776708;-78.17849683669453
37.70558410155053;95.75200729764958
5.1432946051119615;31.870515812352068
59.82028630294079;89.64444616382207
-89.57097352142415;0.4604043546824812
83.67401899654277;-11.44363100080541
5.223018328268282;-0.8026586108678799
-45.7258674250546;58.90932466398192
-38.32880930985472;-82.22791109159795
-69.47119173444366;-81.04548811521755
-41.146888711900466;12.988133494326746
68.51320147670776;95.46573206497061
29.79460161459457;37.53211862482539
46.129584094816835;34.674220490470475
-71.30025612974416;65.97054842356297
-65.64876662575952;11.734826134336501
84.02826369975085;-90.6322841454977
11.776254479826534;-44.19593804614222
-29.132838129700062;2.2824916190741646
-85.78224608364687;89.09655905056351
-7.657232416979042;-57.60332410528839
91.96788772067558;-18.962844858139334
-44.92549417240086;51.28366779765051
-55.71986274636753;-31.435271092829154
-61.685777203774194;-59.053943642103704
54.017384768984186;-94.47340210394258
-54.28060839372038;31.82112795233587
55.75393386971655;60.72902074671339
-43.07663858032156;-84.64593554668608
78.37833043962024;35.82821439211094
-31.377012764107633;-79.85603165670108
88.19951409654692;-44.734617048431204
-53.206664646695614;-26.265357310625333
94.87197486760402;18.62093514350218
56.531442303010465;60.67037844015911
26.08226601609438;-48.02996338893954
21.417811275583304;29.123665784991175
-63.07826418315994;82.9411652322425
-61.49402729601978;-75.10270970563494
-68.94079027191673;-40.802677497810635
93.63953888699587;-32.96599909318074
7.989506645588335;-28.42626032564924
-99.55084327334995;-24.61243636043224
69.89717952645691;-66.5383462419842
68.00250714146094;67.16398385765339
-88.83369679130035;-92.34155700046136
-11.344198216999274;54.85345804732478
-56.73625225851602;66.67483744722173
40.86091605605867;-18.95769746781835
5.230777401954882;78.10639080360608
90.63309105295687;-65.93534655180271
-24.117862299066942;10.993355895891014
-50.97497006747314;19.186510795666067
51.05256032554223;60.34520021683241
30.189624815042066;40.122551731456184
95.58377943768872;-88.09520462036748
-40.726699720623635;82.87231858562444
-29.46854372492153;-56.06153781021111
-53.19526800353982;-75.4166830341673
-94.84719579757659;7.708347157074186
-28.844653048383236;62.3235708630007
54.48552389807429;73.19208113340505
45.14927567827195;66.33433958554744
92.65533341505696;-73.06287594149323
-81.54785697500026;60.284106518340764
-63.16946406688761;59.90175498031519
9.28938241573303;-22.713995376996195
-94.84825906036032;-78.70870123395257
61.46140439382904;-39.456976223755014
-41.22603356340835;18.437387596429062
-68.52094721837804;-19.084914587217668
51.16262878561437;-81.04428155489904
15.367918224581828;-37.11074153589449
35.432045903679665;-40.57964613225498
-69.65372566488753;64.4263135192785
-37.09573184542763;-84.37768411513788
-13.937674637394167;-18.39672849174687
97.83738140191036;-61.426259004725516
-54.963228074628965;-48.15451248293139
-6.219567203343374;-40.6108077081323
24.211558365476122;72.55188049493239
46.316556592242705;49.60615783796817
39.07948849662222;2.621897409530604
-9.082058834212916;16.98716781307374
-13.903300866884095;-41.025214139523136
-48.21869275850747;-64.97694553861541
4.12157584141859;27.41565695245673
-88.98030869165284;50.764771220288054
35.098691815608305;-18.095554388099515
95.95093204791516;86.92521319934366
23.349973598677394;30.904554434997408
-91.52998928368929;-14.121722398169084
18.86768383025293;93.66045880112
92.5635412719665;-98.21108824042088
-74.64199154933722;86.60471592287726
-78.84059672375287;36.00633397912077
5.4183563655521;-85.75111643192501
18.781958521756437;-25.64612720640487
-97.83602625856165;-44.45355787337895
-34.915090857702495;-17.047504916463524
-28.829152637800377;75.74645567273123
22.35903954407678;-61.17401324128722
61.897508727896934;-66.53998338943106
18.855302913447105;-51.57680718210658
54.35491746682098;22.688894416087663
-3.530546543724512;-29.438256801064753
20.86654605229586;82.03290273209578
24.977712453350904;12.70769070886277
32.34172065713756;59.70434592283772
23.273036431548633;-93.15896131694892
-64.60003390870972;-71.42375401592173
-88.1276530140774;30.835818682074603
-38.28214415970312;-69.09693763633346
80.42093685755404;10.62471520086919
-9.288804795997791;-78.72602712625837
18.958181873906653;-19.659824716348282
-2.9198912192437376;-85.82613738381173
-41.50650311821216;20.272629012488224
85.03325495227548;95.48219156749482
-58.005369139639384;68.44256902960237
19.179197063795314;39.605218807600096
70.19142234546419;-42.154949947626385
51.860201957374414;-12.583455629394763
-92.83933713535166;-39.983114538110655
-57.09600884103252;76.29439343348454
-27.656170189500287;-8.431290412649204
70.11485630766055;22.705752475187666
-16.33400331203552;85.62492077322847
99.23839084355359;-57.426796975782125
81.41416018507971;19.83848674266433
80.55510462145804;61.56991499049417
46.704416573571706;-91.67568577188096
98.32302454525106;87.85997166525831
48.86348486541837;53.307804738678044
-19.93000883250113;1.5895704627210563
40.32027730112728;-80.13166491308482
65.60190084630949;92.5784642094377
-11.669390134322626;-73.16852363052215
22.126295643656462;3.5542942318862174
77.12852072821553;67.93784999344638
-28.537557476905874;18.39744394500262
-68.23301492581169;-89.53020368845152
88.0305555324496;-33.00422793003915
87.6018940351664;-79.35981624884823
97.73668311537963;66.3973750817062
96.68714512228334;-10.792135909834101
59.8018153789215;-56.87912553676748
3.1132453542391403;-92.38816603516547
-84.23244155744234;79.32539851053525
9.185937311455518;82.94723411974508
-87.32461563903202;52.28345261513044
-41.83229892204439;11.585442988678125
93.30539384060515;-45.08539045930304
-10.75274631225254;51.04858561825202
28.96398544558781;-44.4494787131704
81.43717690759075;-66.98689278019572
-73.31018411530665;-64.89834931023388
-0.17160470691644036;-62.64056422324724
-3.2052586879031395;49.675219591392334
-70.69772773896489;28.281469328027868
-29.957565660733707;5.859383150161051
-68.82492702571463;34.84721901263663
42.78470474772928;-42.14463418086887
-29.000787963496364;-89.6121049033108
59.989936987267356;-66.87705400647053
92.60226781347896;-70.01151685932567
-21.448088605139162;-33.023572620632336
-83.65629382600108;75.0458060971576
-2.6920351711739983;73.9660844111018
-39.481665901433956;-3.110969748204269
30.800034664419172;-57.78969752290231
16.00187779930981;39.81950768825334
66.46357793105759;-51.171259909782975
-98.92438617145278;19.755286705458957
-82.41025830707858;-28.35232109524182
-81.02114873153859;36.239186275465016
52.00471567868533;97.01475786711191
38.75231199975423;-1.9265596917549033
-92.03044827094821;81.76969354438921
-16.231205970757046;-60.212207539543016
42.54465765899192;-4.147531966631689
36.90545388741896;-43.08698924694816
44.49267500949651;21.825069997135643
78.36914145971195;82.4056247457413
79.53699055284017;-83.74547180181912
94.35911225494223;39.574223315653796
